CodProd   Descripcion         ExistenciaStock Max           Stock Min           Precio de Rep       
1         Placa Madre asus    16622035841836432             2004593545          12394.00            
2         memoria             16622035849635216             2004593545          12345.00            
3         micro               16622035849635216             2004593545          2345.00             
4                             166220358417302928            2004593545          0.00                
7                             16622035849242000             2004593545          0.00                
8         edcd                166220358419072400            2004593545          344556.00           
9                             166220358418285968            2004593545          0.00                
10        wes                 166220358418285968            2004593545          234.00              
0                             166220358417434000            2004593545          0.00                
34                            166220358418613648            2004593545          0.00                
13        fuente              16622035849700752             2004593545          2345.00             
